 ! Swift/XRT hardness ratio of trigger: 10999, name: NGC 1068
 ! T0 for this burst is Swift MET=203918702.0006 s, = 2007 Jun 19 at 04:04:59.969 UT

 ! The hard band is 1.5-10 keV
 ! The soft band is 0.3-1.5 keV
 ! For details of light-curve production, see Evans et al. 2007, A&A, 469, 379
 ! There are 3 datasets: Hard, Soft, and the ratio
 ! Columns are as labelled
 ! BINMODE: TIME

READ TERR 1
READ SERR 2
NO	NO	NO	NO	NO
! PC -- hard data
!Time		Err (pos)	Err(neg)	Rate		Error
207.412	100.000	-100.000	0.079696	0.040818
407.412	100.000	-100.000	0.041818	0.033856
5807.412	100.000	-100.000	0.197990	0.144700
6007.412	100.000	-100.000	0.058399	0.036480
6207.412	100.000	-100.000	0.029145	0.033489
11607.412	100.000	-100.000	0.000000	0.000000
11807.412	100.000	-100.000	0.211039	0.096305
46407.412	100.000	-100.000	0.055947	0.033414
46607.412	100.000	-100.000	0.159056	0.046694
46807.412	100.000	-100.000	0.079018	0.091148
52007.412	100.000	-100.000	0.166630	0.119797
52207.412	100.000	-100.000	0.078355	0.036988
52407.412	100.000	-100.000	0.190563	0.058507
57807.412	100.000	-100.000	-0.015052	0.008690
58007.412	100.000	-100.000	0.075439	0.031859
58207.412	100.000	-100.000	0.121147	0.046453
63607.412	100.000	-100.000	0.167428	0.097737
63807.412	100.000	-100.000	0.063317	0.032736
64007.412	100.000	-100.000	0.152578	0.054618
68807.412	100.000	-100.000	0.143756	0.061347
69007.412	100.000	-100.000	0.142100	0.054468
69207.412	100.000	-100.000	0.056298	0.035586
69407.412	100.000	-100.000	0.136196	0.053723
69607.412	100.000	-100.000	0.059847	0.035318
69807.412	100.000	-100.000	0.159000	0.072044
231207.412	100.000	-100.000	-0.007313	0.002585
231407.412	100.000	-100.000	0.119019	0.073268
231607.412	100.000	-100.000	0.208242	0.095625
231807.412	100.000	-100.000	0.120915	0.073462
232007.412	100.000	-100.000	0.205180	0.094946
232207.412	100.000	-100.000	0.075955	0.060467
232407.412	100.000	-100.000	0.120808	0.074369
232607.412	100.000	-100.000	-0.003303	0.003303
237007.412	100.000	-100.000	0.143941	0.065540
237207.412	100.000	-100.000	0.087455	0.040308
237407.412	100.000	-100.000	0.186127	0.059566
237607.412	100.000	-100.000	0.031064	0.025787
237807.412	100.000	-100.000	0.181811	0.058893
238007.412	100.000	-100.000	0.144571	0.052880
238207.412	100.000	-100.000	0.129224	0.049472
238407.412	100.000	-100.000	0.161784	0.096264
243407.412	100.000	-100.000	0.341292	0.154685
243607.412	100.000	-100.000	0.085975	0.036098
243807.412	100.000	-100.000	0.101801	0.039412
244007.412	100.000	-100.000	0.172860	0.055964
334407.412	100.000	-100.000	0.051519	0.056873
334607.412	100.000	-100.000	0.115023	0.044885
334807.412	100.000	-100.000	0.182125	0.056527
335007.412	100.000	-100.000	0.082310	0.037517
335207.412	100.000	-100.000	0.082552	0.038616
335407.412	100.000	-100.000	0.149014	0.051467
335607.412	100.000	-100.000	0.089383	0.041004
340207.412	100.000	-100.000	0.144658	0.149107
340407.412	100.000	-100.000	0.207762	0.080941
340607.412	100.000	-100.000	0.053570	0.042291
340807.412	100.000	-100.000	0.053615	0.043041
341007.412	100.000	-100.000	0.026760	0.030381
341207.412	100.000	-100.000	0.174518	0.073816
341407.412	100.000	-100.000	0.114088	0.060185
341607.412	100.000	-100.000	0.000000	0.000000
346007.412	100.000	-100.000	0.166191	0.084428
346207.412	100.000	-100.000	0.130838	0.048157
346407.412	100.000	-100.000	0.014043	0.017313
346607.412	100.000	-100.000	0.133115	0.048010
346807.412	100.000	-100.000	0.095636	0.041210
347007.412	100.000	-100.000	0.163821	0.052635
347207.412	100.000	-100.000	0.067359	0.069554
555007.412	100.000	-100.000	0.175470	0.068870
555207.412	100.000	-100.000	0.117050	0.085537
560007.412	100.000	-100.000	0.658079	0.383737
560207.412	100.000	-100.000	0.116339	0.049198
560407.412	100.000	-100.000	0.169291	0.057184
560607.412	100.000	-100.000	0.109757	0.046414
560807.412	100.000	-100.000	0.113672	0.047105
561007.412	100.000	-100.000	0.208214	0.063637
561207.412	100.000	-100.000	0.157270	0.056868
566607.412	100.000	-100.000	0.113600	0.067757
566807.412	100.000	-100.000	0.068709	0.032386
567007.412	100.000	-100.000	0.057367	0.028915
567207.412	100.000	-100.000	0.056122	0.028989
567407.412	100.000	-100.000	0.096848	0.037995
567607.412	100.000	-100.000	0.128616	0.050458
688607.412	100.000	-100.000	0.607544	0.354601
688807.412	100.000	-100.000	0.279118	0.076006
689007.412	100.000	-100.000	0.055286	0.035356
689207.412	100.000	-100.000	0.196008	0.064061
689407.412	100.000	-100.000	0.130237	0.060602
694407.412	100.000	-100.000	0.106250	0.080369
694607.412	100.000	-100.000	0.096683	0.040801
694807.412	100.000	-100.000	0.149218	0.050103
695007.412	100.000	-100.000	0.080510	0.036724
695207.412	100.000	-100.000	0.145626	0.066871
700207.412	100.000	-100.000	0.081950	0.049982
700407.412	100.000	-100.000	0.072195	0.043541
700607.412	100.000	-100.000	0.247128	0.079421
700807.412	100.000	-100.000	0.268977	0.082542
701007.412	100.000	-100.000	0.225101	0.094939
706007.412	100.000	-100.000	0.726906	0.514000
706207.412	100.000	-100.000	0.129323	0.046487
706407.412	100.000	-100.000	0.092996	0.039934
706607.412	100.000	-100.000	0.129831	0.046865
706807.412	100.000	-100.000	0.094841	0.040494
707007.412	100.000	-100.000	0.000000	0.000000
127020407.412	100.000	-100.000	0.047108	0.028678
127020607.412	100.000	-100.000	0.112311	0.038361
127020807.412	100.000	-100.000	0.048213	0.025698
127021007.412	100.000	-100.000	0.171350	0.048213
127021207.412	100.000	-100.000	0.088366	0.051550
127054607.412	100.000	-100.000	0.062929	0.039994
127054807.412	100.000	-100.000	0.116857	0.039353
127055007.412	100.000	-100.000	0.109525	0.039024
127055207.412	100.000	-100.000	0.049932	0.025957
127055407.412	100.000	-100.000	0.169663	0.070705
127078607.412	100.000	-100.000	0.099774	0.071902
127078807.412	100.000	-100.000	0.216355	0.090307
127079007.412	100.000	-100.000	-0.005377	0.002405
128401407.412	100.000	-100.000	0.094143	0.067686
128535007.412	100.000	-100.000	0.065331	0.034488
128535207.412	100.000	-100.000	0.112554	0.044260
128535407.412	100.000	-100.000	0.181481	0.055481
128535607.412	100.000	-100.000	-0.003519	0.003519
128638807.412	100.000	-100.000	0.131596	0.131596
128639007.412	100.000	-100.000	0.114899	0.049579
128639207.412	100.000	-100.000	0.038547	0.028647
128639407.412	100.000	-100.000	0.137938	0.142549
128679407.412	100.000	-100.000	0.144201	0.059838
128679607.412	100.000	-100.000	0.076160	0.040713
128679807.412	100.000	-100.000	0.175252	0.102285
128690807.412	100.000	-100.000	0.114861	0.122517
128691007.412	100.000	-100.000	0.170260	0.071751
128691207.412	100.000	-100.000	0.198308	0.077017
128691407.412	100.000	-100.000	0.357272	0.208444
128713607.412	100.000	-100.000	0.000000	0.000000
128713807.412	100.000	-100.000	0.068760	0.040226
128714007.412	100.000	-100.000	0.091378	0.047076
128714207.412	100.000	-100.000	0.188941	0.067631
128714407.412	100.000	-100.000	0.186672	0.067153
128714607.412	100.000	-100.000	0.092254	0.047527
128714807.412	100.000	-100.000	0.106873	0.055907
128725807.412	100.000	-100.000	-0.004746	0.004746
128726007.412	100.000	-100.000	0.074390	0.044693
128726207.412	100.000	-100.000	0.311671	0.118794
128743007.412	100.000	-100.000	0.186815	0.071612
128743207.412	100.000	-100.000	0.236580	0.072407
128743407.412	100.000	-100.000	0.251176	0.126622
128753607.412	100.000	-100.000	0.103501	0.076743
128753807.412	100.000	-100.000	0.025107	0.026760
128754007.412	100.000	-100.000	0.153004	0.064800
128754207.412	100.000	-100.000	0.105623	0.053223
128754407.412	100.000	-100.000	0.233574	0.079496
128754607.412	100.000	-100.000	0.127858	0.059382
128754807.412	100.000	-100.000	0.048576	0.037222
128755007.412	100.000	-100.000	-0.009934	0.005735
128766207.412	100.000	-100.000	0.029700	0.023907
128766407.412	100.000	-100.000	0.117542	0.045617
128771607.412	100.000	-100.000	0.151395	0.054140
128771807.412	100.000	-100.000	0.137016	0.049565
128772007.412	100.000	-100.000	0.152921	0.052928
128772207.412	100.000	-100.000	0.147884	0.053291
128777607.412	100.000	-100.000	0.000000	0.000000
128777807.412	100.000	-100.000	0.073471	0.045831
128778007.412	100.000	-100.000	0.102273	0.061672
173650007.412	100.000	-100.000	0.163661	0.082463
173650207.412	100.000	-100.000	0.161387	0.052650
173650407.412	100.000	-100.000	0.195166	0.057516
173650607.412	100.000	-100.000	0.162486	0.052511
173650807.412	100.000	-100.000	0.114169	0.043922
173651007.412	100.000	-100.000	0.129910	0.046646
173651207.412	100.000	-100.000	0.113727	0.043558
173651407.412	100.000	-100.000	0.113968	0.044439
173651607.412	100.000	-100.000	0.121835	0.046457
173655607.412	100.000	-100.000	0.336368	0.336368
173655807.412	100.000	-100.000	0.079823	0.040908
173656007.412	100.000	-100.000	0.117946	0.054154
226133407.412	100.000	-100.000	0.000000	0.000000
226133607.412	100.000	-100.000	0.109605	0.067085
226133807.412	100.000	-100.000	0.153964	0.078655
226134007.412	100.000	-100.000	0.267856	0.104195
226134207.412	100.000	-100.000	0.066293	0.055522
226134407.412	100.000	-100.000	0.273931	0.104810
226134607.412	100.000	-100.000	0.102643	0.074698
226139207.412	100.000	-100.000	0.232219	0.082782
226139407.412	100.000	-100.000	0.048775	0.028472
226139607.412	100.000	-100.000	0.094556	0.040141
226139807.412	100.000	-100.000	0.196729	0.057104
226140007.412	100.000	-100.000	0.227700	0.166480
240860407.412	100.000	-100.000	-0.009783	0.005648
240860607.412	100.000	-100.000	0.103927	0.047715
240860807.412	100.000	-100.000	0.188088	0.063612
240861007.412	100.000	-100.000	0.208416	0.066992
240861207.412	100.000	-100.000	0.061054	0.036841
240861407.412	100.000	-100.000	0.227657	0.070087
240861607.412	100.000	-100.000	0.136117	0.145544
240865007.412	100.000	-100.000	0.154326	0.071824
240865207.412	100.000	-100.000	0.060378	0.036033
240865407.412	100.000	-100.000	0.141249	0.055185
240865607.412	100.000	-100.000	0.096888	0.045711
240865807.412	100.000	-100.000	-0.004742	0.004742
240876607.412	100.000	-100.000	0.098932	0.041767
240876807.412	100.000	-100.000	0.190518	0.056078
240877007.412	100.000	-100.000	0.095343	0.040025
240877207.412	100.000	-100.000	0.030337	0.022569
240877407.412	100.000	-100.000	0.062455	0.032571
240877607.412	100.000	-100.000	0.145143	0.049285
240877807.412	100.000	-100.000	0.160686	0.051666
240878007.412	100.000	-100.000	0.119643	0.046090
240882207.412	100.000	-100.000	0.131254	0.135689
240882407.412	100.000	-100.000	0.202487	0.064666
240882607.412	100.000	-100.000	0.144890	0.067442
319301007.412	100.000	-100.000	0.086544	0.040327
319301207.412	100.000	-100.000	0.085993	0.035968
319301407.412	100.000	-100.000	0.100523	0.039285
319301607.412	100.000	-100.000	0.101071	0.039332
319301807.412	100.000	-100.000	0.071111	0.032551
319302007.412	100.000	-100.000	0.086054	0.035818
319302207.412	100.000	-100.000	0.116193	0.041680
319302407.412	100.000	-100.000	0.129956	0.043880
319302607.412	100.000	-100.000	-0.002941	0.002941
319306607.412	100.000	-100.000	0.182843	0.105564
319306807.412	100.000	-100.000	0.050566	0.023327
319307007.412	100.000	-100.000	-0.006875	0.006875
319319807.412	100.000	-100.000	0.000000	0.000000
319320007.412	100.000	-100.000	0.087307	0.036192
319320207.412	100.000	-100.000	0.085278	0.030972
319320407.412	100.000	-100.000	0.100713	0.045875
319324207.412	100.000	-100.000	0.143714	0.060145
319324407.412	100.000	-100.000	0.144980	0.056214
319324607.412	100.000	-100.000	0.058986	0.036183
319324807.412	100.000	-100.000	0.166967	0.060137
319325007.412	100.000	-100.000	0.100712	0.047263
319325207.412	100.000	-100.000	0.173689	0.124650
327233007.412	100.000	-100.000	0.055063	0.032446
327233207.412	100.000	-100.000	0.089463	0.032241
327233407.412	100.000	-100.000	0.310335	0.157556
327250007.412	100.000	-100.000	0.164776	0.068608
327250207.412	100.000	-100.000	0.044218	0.035406
327250407.412	100.000	-100.000	0.169894	0.066436
327250607.412	100.000	-100.000	0.143676	0.060424
327250807.412	100.000	-100.000	0.142680	0.060923
327251007.412	100.000	-100.000	0.196249	0.069639
327251207.412	100.000	-100.000	0.144682	0.060543
327251407.412	100.000	-100.000	0.172089	0.065592
327251607.412	100.000	-100.000	0.142046	0.103470
327255607.412	100.000	-100.000	0.000000	0.000000
327255807.412	100.000	-100.000	0.159040	0.057877
327256007.412	100.000	-100.000	0.167296	0.122274
327732007.412	100.000	-100.000	0.066595	0.040372
327732207.412	100.000	-100.000	0.072933	0.038973
327732407.412	100.000	-100.000	0.111074	0.047377
327732607.412	100.000	-100.000	0.152469	0.054490
327732807.412	100.000	-100.000	0.113878	0.047394
327733007.412	100.000	-100.000	0.150436	0.054552
327733207.412	100.000	-100.000	0.078234	0.061465
327737807.412	100.000	-100.000	0.151883	0.070700
327738007.412	100.000	-100.000	0.077643	0.041538
327738207.412	100.000	-100.000	0.100872	0.046324
327738407.412	100.000	-100.000	0.077885	0.041307
327738607.412	100.000	-100.000	-0.004591	0.004591
335582807.412	100.000	-100.000	0.125575	0.051826
335583007.412	100.000	-100.000	0.121724	0.051647
335583207.412	100.000	-100.000	0.188289	0.062763
335583407.412	100.000	-100.000	0.245753	0.072112
335583607.412	100.000	-100.000	0.184668	0.062456
335583807.412	100.000	-100.000	0.338989	0.197854
335588407.412	100.000	-100.000	0.025320	0.025320
335588607.412	100.000	-100.000	0.193064	0.050409
335588807.412	100.000	-100.000	0.101901	0.036638
335589007.412	100.000	-100.000	0.127991	0.040746
335589207.412	100.000	-100.000	0.163166	0.046081
335589407.412	100.000	-100.000	0.137175	0.046588
346853407.412	100.000	-100.000	0.000000	0.000000
346853607.412	100.000	-100.000	0.111053	0.043401
346853807.412	100.000	-100.000	0.064625	0.033697
346854007.412	100.000	-100.000	0.082237	0.037268
346854207.412	100.000	-100.000	0.201601	0.072468
346859607.412	100.000	-100.000	0.046751	0.035584
346859807.412	100.000	-100.000	0.135618	0.043379
346860007.412	100.000	-100.000	0.138293	0.044108
346860207.412	100.000	-100.000	0.067839	0.031044
346860407.412	100.000	-100.000	0.098076	0.050844
360819007.412	100.000	-100.000	0.000000	0.000000
360819207.412	100.000	-100.000	0.066918	0.034234
360819407.412	100.000	-100.000	0.083223	0.038377
360819607.412	100.000	-100.000	0.103128	0.042747
360819807.412	100.000	-100.000	0.237799	0.066261
360820607.412	100.000	-100.000	0.106961	0.047834
360820807.412	100.000	-100.000	0.081714	0.029451
360821007.412	100.000	-100.000	0.029400	0.018075
360821207.412	100.000	-100.000	0.102935	0.032751
360821407.412	100.000	-100.000	0.146293	0.039269
360821607.412	100.000	-100.000	0.100944	0.036102
360824807.412	100.000	-100.000	0.150885	0.150885
360825007.412	100.000	-100.000	0.173983	0.102676
360878007.412	100.000	-100.000	0.130492	0.040232
360878207.412	100.000	-100.000	0.120221	0.120221
360878407.412	100.000	-100.000	0.167315	0.063779
360878607.412	100.000	-100.000	0.070921	0.036825
360878807.412	100.000	-100.000	0.088897	0.040721
360879007.412	100.000	-100.000	0.156721	0.064944
360882207.412	100.000	-100.000	-0.003249	0.002297
360882407.412	100.000	-100.000	0.072323	0.043897
360882607.412	100.000	-100.000	0.164061	0.096606
360883807.412	100.000	-100.000	0.293563	0.207581
360884007.412	100.000	-100.000	0.170288	0.071387
360884207.412	100.000	-100.000	0.292932	0.092925
360884407.412	100.000	-100.000	0.138836	0.065806
360884607.412	100.000	-100.000	0.201312	0.077834
360884807.412	100.000	-100.000	0.150753	0.111863
360888007.412	100.000	-100.000	0.130729	0.077140
360888207.412	100.000	-100.000	0.125149	0.051649
360888407.412	100.000	-100.000	0.142983	0.055060
360888607.412	100.000	-100.000	0.088603	0.065846
360952007.412	100.000	-100.000	0.165948	0.117343
360952207.412	100.000	-100.000	0.094753	0.048945
360952407.412	100.000	-100.000	0.165217	0.064514
360952607.412	100.000	-100.000	0.142251	0.059997
360952807.412	100.000	-100.000	0.164941	0.065020
360953007.412	100.000	-100.000	0.196054	0.069876
360953207.412	100.000	-100.000	0.168510	0.065490
360953407.412	100.000	-100.000	0.122329	0.056147
360953607.412	100.000	-100.000	0.121422	0.070860
360958007.412	100.000	-100.000	0.178609	0.082526
360958207.412	100.000	-100.000	0.071898	0.044357
360958407.412	100.000	-100.000	0.205204	0.073138
360958607.412	100.000	-100.000	0.221905	0.076422
360958807.412	100.000	-100.000	0.123121	0.057267
360959007.412	100.000	-100.000	0.124807	0.056912
360959207.412	100.000	-100.000	0.145496	0.062403
360959407.412	100.000	-100.000	0.081536	0.084240
361060407.412	100.000	-100.000	0.189657	0.095274
361060607.412	100.000	-100.000	0.165857	0.085734
361060807.412	100.000	-100.000	0.379761	0.129000
361061007.412	100.000	-100.000	0.123044	0.074280
361061207.412	100.000	-100.000	0.343293	0.245036
361112007.412	100.000	-100.000	0.137292	0.140485
361112207.412	100.000	-100.000	0.209797	0.105498
361130007.412	100.000	-100.000	0.052385	0.057892
361130207.412	100.000	-100.000	0.102209	0.054566
361130407.412	100.000	-100.000	0.131814	0.060485
361130607.412	100.000	-100.000	0.132859	0.059796
361130807.412	100.000	-100.000	0.186851	0.071597
361131007.412	100.000	-100.000	0.178782	0.184642
361359407.412	100.000	-100.000	0.473237	0.144257
361359607.412	100.000	-100.000	0.058301	0.043849
361359807.412	100.000	-100.000	0.181960	0.075414
361360007.412	100.000	-100.000	0.090814	0.052960
361360207.412	100.000	-100.000	0.177912	0.075260
361360407.412	100.000	-100.000	0.180460	0.074792
361360607.412	100.000	-100.000	0.047130	0.055408
362174407.412	100.000	-100.000	0.186396	0.067441
362174607.412	100.000	-100.000	0.144828	0.042237
362174807.412	100.000	-100.000	0.106400	0.036327
362175007.412	100.000	-100.000	0.142126	0.041987
362175207.412	100.000	-100.000	0.090264	0.034568
362196607.412	100.000	-100.000	0.109089	0.049083
362196807.412	100.000	-100.000	0.140655	0.049918
362202007.412	100.000	-100.000	0.284436	0.207756
362202207.412	100.000	-100.000	0.122252	0.056475
362202407.412	100.000	-100.000	0.024492	0.029131
362207807.412	100.000	-100.000	0.172458	0.100208
362208007.412	100.000	-100.000	0.077855	0.035498
362208207.412	100.000	-100.000	0.286118	0.083260
362213607.412	100.000	-100.000	0.149561	0.057802
362213807.412	100.000	-100.000	0.104931	0.044436
362214007.412	100.000	-100.000	0.388845	0.224500
362243207.412	100.000	-100.000	0.047414	0.055708
362243407.412	100.000	-100.000	0.105663	0.054041
362243607.412	100.000	-100.000	0.157366	0.066561
362243807.412	100.000	-100.000	0.186292	0.072260
362244007.412	100.000	-100.000	0.080701	0.047061
362244207.412	100.000	-100.000	0.186079	0.071863
362244407.412	100.000	-100.000	0.107962	0.111281
362254207.412	100.000	-100.000	0.138839	0.062857
362254407.412	100.000	-100.000	0.166938	0.043725
362254607.412	100.000	-100.000	0.064986	0.027508
362254807.412	100.000	-100.000	0.119998	0.037105
362255007.412	100.000	-100.000	0.088518	0.032279
362255207.412	100.000	-100.000	0.133050	0.077605
362265207.412	100.000	-100.000	0.279635	0.201011
362265407.412	100.000	-100.000	0.096289	0.045747
362265607.412	100.000	-100.000	0.096250	0.045104
362265807.412	100.000	-100.000	-0.013239	0.013239
362282407.412	100.000	-100.000	0.116122	0.052917
362282607.412	100.000	-100.000	0.063066	0.033343
362282807.412	100.000	-100.000	0.182677	0.075753
362293807.412	100.000	-100.000	0.000000	0.000000
362294007.412	100.000	-100.000	0.164419	0.047729
362294207.412	100.000	-100.000	0.062647	0.032684
362305407.412	100.000	-100.000	0.201403	0.102310
362305607.412	100.000	-100.000	0.170709	0.071567
362305807.412	100.000	-100.000	0.326079	0.148631
362346407.412	100.000	-100.000	0.089169	0.064018
362346607.412	100.000	-100.000	0.183711	0.051190
362346807.412	100.000	-100.000	0.071107	0.033202
395552607.412	100.000	-100.000	0.153983	0.055118
395552807.412	100.000	-100.000	0.064890	0.033828
395553007.412	100.000	-100.000	0.082270	0.038037
395553207.412	100.000	-100.000	0.098300	0.041488
395553407.412	100.000	-100.000	0.215454	0.060673
395553607.412	100.000	-100.000	0.164280	0.053707
395553807.412	100.000	-100.000	0.149786	0.051042
395554007.412	100.000	-100.000	0.131793	0.047768
395554207.412	100.000	-100.000	0.132785	0.056043
397951007.412	100.000	-100.000	0.111754	0.111754
397951207.412	100.000	-100.000	0.232612	0.084178
397951407.412	100.000	-100.000	0.082334	0.051012
397951607.412	100.000	-100.000	0.145936	0.066351
397951807.412	100.000	-100.000	0.144924	0.066443
397952007.412	100.000	-100.000	0.115180	0.059413
397952207.412	100.000	-100.000	0.174909	0.072645
397952407.412	100.000	-100.000	0.056525	0.042123
397952607.412	100.000	-100.000	0.153995	0.070307
400457807.412	100.000	-100.000	0.152587	0.064587
400458007.412	100.000	-100.000	0.155808	0.060468
400458207.412	100.000	-100.000	0.206175	0.069668
400458407.412	100.000	-100.000	0.205984	0.069603
400458607.412	100.000	-100.000	0.206683	0.069601
400458807.412	100.000	-100.000	0.112678	0.051329
400459007.412	100.000	-100.000	0.180306	0.065238
400459207.412	100.000	-100.000	0.065994	0.040138
400459407.412	100.000	-100.000	0.245908	0.095010
455679007.412	100.000	-100.000	0.047113	0.038089
455679207.412	100.000	-100.000	0.139531	0.050030
455679407.412	100.000	-100.000	0.361970	0.162786
455684407.412	100.000	-100.000	0.195406	0.083742
455684607.412	100.000	-100.000	0.174554	0.074806
455684807.412	100.000	-100.000	0.210578	0.080684
455685007.412	100.000	-100.000	0.087085	0.052489
455685207.412	100.000	-100.000	0.084967	0.052363
455685407.412	100.000	-100.000	0.143754	0.067710
455685607.412	100.000	-100.000	0.208200	0.080883
455685807.412	100.000	-100.000	0.297228	0.095808
455686007.412	100.000	-100.000	0.245933	0.176693
473052407.412	100.000	-100.000	-0.008884	0.003973
473052607.412	100.000	-100.000	0.139257	0.053888
473052807.412	100.000	-100.000	0.139152	0.053847
473053007.412	100.000	-100.000	0.101168	0.046145
473053207.412	100.000	-100.000	0.045646	0.047183
473058007.412	100.000	-100.000	0.068777	0.049645
473058207.412	100.000	-100.000	0.094132	0.036320
473058407.412	100.000	-100.000	0.067451	0.030793
473058607.412	100.000	-100.000	0.067932	0.028122
473058807.412	100.000	-100.000	0.000000	0.000000
473081607.412	100.000	-100.000	0.000000	0.000000
473081807.412	100.000	-100.000	0.142938	0.054532
473082007.412	100.000	-100.000	0.079720	0.041546
473082207.412	100.000	-100.000	0.159947	0.058694
473082407.412	100.000	-100.000	0.121013	0.055562
473225207.412	100.000	-100.000	0.191766	0.137568
473225407.412	100.000	-100.000	0.093176	0.031561
473225607.412	100.000	-100.000	0.102561	0.033193
473225807.412	100.000	-100.000	0.105800	0.033747
473226007.412	100.000	-100.000	0.072822	0.028335
473226207.412	100.000	-100.000	0.194861	0.079552
473236807.412	100.000	-100.000	0.167651	0.070388
473237007.412	100.000	-100.000	0.113409	0.051573
473237207.412	100.000	-100.000	0.017727	0.022740
473237407.412	100.000	-100.000	0.090135	0.046680
473237607.412	100.000	-100.000	0.206049	0.069322
473237807.412	100.000	-100.000	0.205589	0.094021
474353807.412	100.000	-100.000	0.155054	0.047738
474354007.412	100.000	-100.000	0.132325	0.042819
474354207.412	100.000	-100.000	0.051986	0.026423
474354407.412	100.000	-100.000	0.118582	0.040704
474354607.412	100.000	-100.000	0.132902	0.042581
474354807.412	100.000	-100.000	0.039058	0.039058
485941807.412	100.000	-100.000	0.260525	0.107541
486839607.412	100.000	-100.000	0.000000	0.000000
486839807.412	100.000	-100.000	0.234229	0.083873
486840007.412	100.000	-100.000	0.113164	0.058050
486840207.412	100.000	-100.000	0.182235	0.075414
523761607.412	100.000	-100.000	-0.003724	0.003724
523761807.412	100.000	-100.000	0.131842	0.068005
523762007.412	100.000	-100.000	0.191597	0.083323
523762207.412	100.000	-100.000	0.065278	0.048381
523762407.412	100.000	-100.000	0.195734	0.083311
523762607.412	100.000	-100.000	0.196751	0.082862
523762807.412	100.000	-100.000	0.028962	0.034191
523763007.412	100.000	-100.000	0.137182	0.072476
523813807.412	100.000	-100.000	0.000000	0.000000
523814007.412	100.000	-100.000	0.061417	0.037436
523814207.412	100.000	-100.000	0.084372	0.043567
523814407.412	100.000	-100.000	0.168613	0.069945
NO	NO	NO	NO	NO
! PC -- soft data
!Time		Err (pos)	Err(neg)	Rate		Error
207.412	100.000	-100.000	0.837135	0.130941
407.412	100.000	-100.000	0.934051	0.150301
5807.412	100.000	-100.000	0.734573	0.277643
6007.412	100.000	-100.000	0.994826	0.144668
6207.412	100.000	-100.000	0.991908	0.182480
11607.412	100.000	-100.000	0.673067	0.224356
11807.412	100.000	-100.000	0.761726	0.179874
46407.412	100.000	-100.000	0.529919	0.100265
46607.412	100.000	-100.000	0.552566	0.086437
46807.412	100.000	-100.000	0.987789	0.297830
52007.412	100.000	-100.000	1.090065	0.303869
52207.412	100.000	-100.000	0.624584	0.101762
52407.412	100.000	-100.000	0.647149	0.106962
57807.412	100.000	-100.000	0.610539	0.278612
58007.412	100.000	-100.000	0.570678	0.086623
58207.412	100.000	-100.000	0.759367	0.115002
63607.412	100.000	-100.000	0.447874	0.159001
63807.412	100.000	-100.000	0.805877	0.115435
64007.412	100.000	-100.000	0.808468	0.124945
68807.412	100.000	-100.000	0.701895	0.133110
69007.412	100.000	-100.000	0.876398	0.134157
69207.412	100.000	-100.000	0.949320	0.139437
69407.412	100.000	-100.000	0.874911	0.134133
69607.412	100.000	-100.000	0.997503	0.143357
69807.412	100.000	-100.000	0.789770	0.159406
231207.412	100.000	-100.000	1.241600	0.265837
231407.412	100.000	-100.000	1.051549	0.212050
231607.412	100.000	-100.000	1.057195	0.212549
231807.412	100.000	-100.000	0.796604	0.184931
232007.412	100.000	-100.000	1.394474	0.243435
232207.412	100.000	-100.000	1.177717	0.224361
232407.412	100.000	-100.000	0.848448	0.191145
232607.412	100.000	-100.000	0.880746	0.399846
237007.412	100.000	-100.000	0.659441	0.138938
237207.412	100.000	-100.000	0.852134	0.124928
237407.412	100.000	-100.000	1.085046	0.143133
237607.412	100.000	-100.000	0.696365	0.113766
237807.412	100.000	-100.000	0.830053	0.124476
238007.412	100.000	-100.000	0.929855	0.132051
238207.412	100.000	-100.000	0.894946	0.129736
238407.412	100.000	-100.000	1.437235	0.283484
243407.412	100.000	-100.000	0.611985	0.205511
243607.412	100.000	-100.000	0.712841	0.103534
243807.412	100.000	-100.000	0.592281	0.094038
244007.412	100.000	-100.000	0.985721	0.131957
334407.412	100.000	-100.000	0.725294	0.205633
334607.412	100.000	-100.000	0.841965	0.120818
334807.412	100.000	-100.000	0.778579	0.115585
335007.412	100.000	-100.000	0.622865	0.102835
335207.412	100.000	-100.000	0.775585	0.116185
335407.412	100.000	-100.000	0.733190	0.112303
335607.412	100.000	-100.000	0.667431	0.102083
340207.412	100.000	-100.000	1.211222	0.429835
340407.412	100.000	-100.000	0.686900	0.145111
340607.412	100.000	-100.000	0.866632	0.162097
340807.412	100.000	-100.000	0.745858	0.150610
341007.412	100.000	-100.000	0.808027	0.156892
341207.412	100.000	-100.000	1.014397	0.175043
341407.412	100.000	-100.000	0.960187	0.170056
341607.412	100.000	-100.000	0.520046	0.536038
346007.412	100.000	-100.000	0.839462	0.188603
346207.412	100.000	-100.000	0.636711	0.104066
346407.412	100.000	-100.000	0.846132	0.120192
346607.412	100.000	-100.000	0.828389	0.118801
346807.412	100.000	-100.000	0.639648	0.104197
347007.412	100.000	-100.000	0.699071	0.108440
347207.412	100.000	-100.000	0.685295	0.218781
555007.412	100.000	-100.000	0.882730	0.152112
555207.412	100.000	-100.000	0.723046	0.209291
560007.412	100.000	-100.000	0.664557	0.383682
560207.412	100.000	-100.000	0.904380	0.133862
560407.412	100.000	-100.000	0.743620	0.119347
560607.412	100.000	-100.000	0.775196	0.121770
560807.412	100.000	-100.000	0.957780	0.135854
561007.412	100.000	-100.000	0.910045	0.131843
561207.412	100.000	-100.000	0.942978	0.138158
566607.412	100.000	-100.000	0.531290	0.141993
566807.412	100.000	-100.000	0.735216	0.103145
567007.412	100.000	-100.000	0.546474	0.089327
567207.412	100.000	-100.000	0.780662	0.106551
567407.412	100.000	-100.000	0.657230	0.097174
567607.412	100.000	-100.000	0.991718	0.137866
688607.412	100.000	-100.000	1.629773	0.578558
688807.412	100.000	-100.000	0.746434	0.123689
689007.412	100.000	-100.000	0.688428	0.119087
689207.412	100.000	-100.000	0.648752	0.115269
689407.412	100.000	-100.000	0.753352	0.143534
694407.412	100.000	-100.000	1.011879	0.238502
694607.412	100.000	-100.000	0.796519	0.115517
694807.412	100.000	-100.000	0.629297	0.102437
695007.412	100.000	-100.000	0.874334	0.120470
695207.412	100.000	-100.000	0.823953	0.156993
700207.412	100.000	-100.000	0.773532	0.149576
700407.412	100.000	-100.000	0.977432	0.157290
700607.412	100.000	-100.000	0.675367	0.131063
700807.412	100.000	-100.000	0.966278	0.155623
701007.412	100.000	-100.000	0.760223	0.172198
706007.412	100.000	-100.000	1.090359	0.629519
706207.412	100.000	-100.000	1.015801	0.129281
706407.412	100.000	-100.000	0.781883	0.113477
706607.412	100.000	-100.000	0.917368	0.123095
706807.412	100.000	-100.000	0.905579	0.122695
707007.412	100.000	-100.000	0.780227	0.551704
127020407.412	100.000	-100.000	0.649237	0.104293
127020607.412	100.000	-100.000	0.672811	0.092797
127020807.412	100.000	-100.000	0.732235	0.097357
127021007.412	100.000	-100.000	0.809422	0.103741
127021207.412	100.000	-100.000	0.682900	0.142972
127054607.412	100.000	-100.000	0.564923	0.115757
127054807.412	100.000	-100.000	0.666224	0.093514
127055007.412	100.000	-100.000	0.646415	0.091753
127055207.412	100.000	-100.000	0.529849	0.083307
127055407.412	100.000	-100.000	0.833303	0.155560
127078607.412	100.000	-100.000	0.834697	0.203118
127078807.412	100.000	-100.000	0.991932	0.191564
127079007.412	100.000	-100.000	0.631069	0.191914
128401407.412	100.000	-100.000	0.556049	0.163669
128535007.412	100.000	-100.000	0.785515	0.117204
128535207.412	100.000	-100.000	0.851755	0.120284
128535407.412	100.000	-100.000	0.751226	0.113981
128535607.412	100.000	-100.000	0.047873	0.119420
128638807.412	100.000	-100.000	1.193602	0.400749
128639007.412	100.000	-100.000	0.662493	0.116930
128639207.412	100.000	-100.000	0.848305	0.132427
128639407.412	100.000	-100.000	0.835957	0.352686
128679407.412	100.000	-100.000	0.754927	0.136300
128679607.412	100.000	-100.000	0.706503	0.119976
128679807.412	100.000	-100.000	1.302116	0.278431
128690807.412	100.000	-100.000	0.731616	0.298681
128691007.412	100.000	-100.000	0.892642	0.161792
128691207.412	100.000	-100.000	1.244122	0.191397
128691407.412	100.000	-100.000	1.078706	0.360822
128713607.412	100.000	-100.000	0.540009	0.540009
128713807.412	100.000	-100.000	0.753357	0.133833
128714007.412	100.000	-100.000	0.914198	0.146537
128714207.412	100.000	-100.000	0.828730	0.140713
128714407.412	100.000	-100.000	0.803977	0.138441
128714607.412	100.000	-100.000	0.945935	0.150155
128714807.412	100.000	-100.000	0.810651	0.151149
128725807.412	100.000	-100.000	0.329890	0.233268
128726007.412	100.000	-100.000	0.878493	0.149242
128726207.412	100.000	-100.000	1.024582	0.215838
128743007.412	100.000	-100.000	0.965425	0.161490
128743207.412	100.000	-100.000	0.888935	0.139495
128743407.412	100.000	-100.000	1.079348	0.262284
128753607.412	100.000	-100.000	0.530431	0.169837
128753807.412	100.000	-100.000	0.788194	0.145100
128754007.412	100.000	-100.000	0.975364	0.161428
128754207.412	100.000	-100.000	0.684487	0.135366
128754407.412	100.000	-100.000	0.919990	0.156613
128754607.412	100.000	-100.000	0.789826	0.145250
128754807.412	100.000	-100.000	0.732103	0.140055
128755007.412	100.000	-100.000	0.977126	0.327962
128766207.412	100.000	-100.000	0.769121	0.114887
128766407.412	100.000	-100.000	0.695438	0.108933
128771607.412	100.000	-100.000	0.602872	0.107283
128771807.412	100.000	-100.000	0.787047	0.118199
128772007.412	100.000	-100.000	0.539719	0.098180
128772207.412	100.000	-100.000	0.991836	0.136707
128777607.412	100.000	-100.000	4.656200	3.292431
128777807.412	100.000	-100.000	1.133049	0.173303
128778007.412	100.000	-100.000	0.885858	0.178540
173650007.412	100.000	-100.000	0.411728	0.130601
173650207.412	100.000	-100.000	0.908082	0.122857
173650407.412	100.000	-100.000	0.906650	0.123077
173650607.412	100.000	-100.000	0.823904	0.117382
173650807.412	100.000	-100.000	0.657378	0.104421
173651007.412	100.000	-100.000	0.837934	0.117476
173651207.412	100.000	-100.000	0.738143	0.110640
173651407.412	100.000	-100.000	0.734730	0.110997
173651607.412	100.000	-100.000	0.790506	0.118083
173655607.412	100.000	-100.000	1.014694	0.585834
173655807.412	100.000	-100.000	0.863405	0.133790
173656007.412	100.000	-100.000	0.511030	0.113998
226133407.412	100.000	-100.000	0.000000	0.000000
226133607.412	100.000	-100.000	0.883850	0.186830
226133807.412	100.000	-100.000	0.853905	0.183951
226134007.412	100.000	-100.000	0.893487	0.188868
226134207.412	100.000	-100.000	1.213876	0.220032
226134407.412	100.000	-100.000	0.940049	0.193257
226134607.412	100.000	-100.000	0.626493	0.183896
226139207.412	100.000	-100.000	0.781416	0.151490
226139407.412	100.000	-100.000	0.731916	0.109588
226139607.412	100.000	-100.000	0.616311	0.100764
226139807.412	100.000	-100.000	0.752896	0.111727
226140007.412	100.000	-100.000	1.422303	0.411712
240860407.412	100.000	-100.000	0.987858	0.352114
240860607.412	100.000	-100.000	0.923627	0.140484
240860807.412	100.000	-100.000	0.522438	0.105999
240861007.412	100.000	-100.000	0.861290	0.135367
240861207.412	100.000	-100.000	1.009241	0.146861
240861407.412	100.000	-100.000	1.006952	0.146628
240861607.412	100.000	-100.000	0.711583	0.326699
240865007.412	100.000	-100.000	0.735222	0.154840
240865207.412	100.000	-100.000	0.808595	0.130460
240865407.412	100.000	-100.000	0.634344	0.115142
240865607.412	100.000	-100.000	0.901309	0.136383
240865807.412	100.000	-100.000	1.181853	0.417848
240876607.412	100.000	-100.000	0.706293	0.110196
240876807.412	100.000	-100.000	0.639786	0.102427
240877007.412	100.000	-100.000	0.762482	0.111769
240877207.412	100.000	-100.000	0.694799	0.106529
240877407.412	100.000	-100.000	0.680857	0.106059
240877607.412	100.000	-100.000	0.784595	0.113637
240877807.412	100.000	-100.000	0.681788	0.105784
240878007.412	100.000	-100.000	0.760097	0.115194
240882207.412	100.000	-100.000	0.813555	0.335792
240882407.412	100.000	-100.000	0.992550	0.143130
240882607.412	100.000	-100.000	0.792128	0.154503
319301007.412	100.000	-100.000	0.749388	0.117117
319301207.412	100.000	-100.000	0.613259	0.095478
319301407.412	100.000	-100.000	0.752726	0.105701
319301607.412	100.000	-100.000	0.690501	0.101215
319301807.412	100.000	-100.000	0.478284	0.083843
319302007.412	100.000	-100.000	0.720186	0.103126
319302207.412	100.000	-100.000	0.596218	0.094037
319302407.412	100.000	-100.000	0.632448	0.096706
319302607.412	100.000	-100.000	1.025737	0.324367
319306607.412	100.000	-100.000	0.793510	0.221121
319306807.412	100.000	-100.000	0.682926	0.084258
319307007.412	100.000	-100.000	0.885004	0.445912
319319807.412	100.000	-100.000	1.524268	0.622280
319320007.412	100.000	-100.000	0.627727	0.096066
319320207.412	100.000	-100.000	0.649695	0.084714
319320407.412	100.000	-100.000	0.702565	0.120920
319324207.412	100.000	-100.000	0.912638	0.150997
319324407.412	100.000	-100.000	0.775738	0.128966
319324607.412	100.000	-100.000	0.839390	0.133604
319324807.412	100.000	-100.000	0.849381	0.134994
319325007.412	100.000	-100.000	0.674366	0.119984
319325207.412	100.000	-100.000	0.704320	0.250860
327233007.412	100.000	-100.000	0.921547	0.131202
327233207.412	100.000	-100.000	0.563426	0.080118
327233407.412	100.000	-100.000	0.635202	0.225432
327250007.412	100.000	-100.000	0.923752	0.162099
327250207.412	100.000	-100.000	1.213093	0.174236
327250407.412	100.000	-100.000	1.008462	0.159315
327250607.412	100.000	-100.000	0.813480	0.142240
327250807.412	100.000	-100.000	0.641115	0.126588
327251007.412	100.000	-100.000	0.788536	0.139907
327251207.412	100.000	-100.000	0.904110	0.150420
327251407.412	100.000	-100.000	0.639615	0.126435
327251607.412	100.000	-100.000	0.434287	0.180825
327255607.412	100.000	-100.000	0.780527	0.551916
327255807.412	100.000	-100.000	0.897964	0.135977
327256007.412	100.000	-100.000	1.023616	0.298733
327732007.412	100.000	-100.000	0.581790	0.117162
327732207.412	100.000	-100.000	0.650512	0.112413
327732407.412	100.000	-100.000	0.901394	0.131883
327732607.412	100.000	-100.000	0.860317	0.129151
327732807.412	100.000	-100.000	0.630118	0.110455
327733007.412	100.000	-100.000	0.785616	0.123641
327733207.412	100.000	-100.000	0.729769	0.177893
327737807.412	100.000	-100.000	0.885398	0.168904
327738007.412	100.000	-100.000	0.634658	0.115081
327738207.412	100.000	-100.000	0.798397	0.128710
327738407.412	100.000	-100.000	0.616999	0.113266
327738607.412	100.000	-100.000	0.849827	0.348843
335582807.412	100.000	-100.000	0.691586	0.121104
335583007.412	100.000	-100.000	0.713227	0.122551
335583207.412	100.000	-100.000	0.744673	0.125354
335583407.412	100.000	-100.000	0.535230	0.105892
335583607.412	100.000	-100.000	0.642624	0.116026
335583807.412	100.000	-100.000	0.106951	0.114361
335588407.412	100.000	-100.000	0.644317	0.129381
335588607.412	100.000	-100.000	0.698586	0.095656
335588807.412	100.000	-100.000	0.655013	0.092142
335589007.412	100.000	-100.000	0.572829	0.086287
335589207.412	100.000	-100.000	0.560541	0.086640
335589407.412	100.000	-100.000	0.538544	0.094400
346853407.412	100.000	-100.000	0.957865	0.559153
346853607.412	100.000	-100.000	0.770973	0.113091
346853807.412	100.000	-100.000	0.758135	0.112586
346854007.412	100.000	-100.000	0.698348	0.108266
346854207.412	100.000	-100.000	0.585664	0.122822
346859607.412	100.000	-100.000	0.795461	0.141246
346859807.412	100.000	-100.000	0.575778	0.089633
346860007.412	100.000	-100.000	0.679565	0.097761
346860207.412	100.000	-100.000	0.648719	0.095375
346860407.412	100.000	-100.000	0.624280	0.125857
360819007.412	100.000	-100.000	0.740985	0.531988
360819207.412	100.000	-100.000	0.633246	0.105048
360819407.412	100.000	-100.000	0.787616	0.116587
360819607.412	100.000	-100.000	0.740389	0.113949
360819807.412	100.000	-100.000	0.567989	0.102714
360820607.412	100.000	-100.000	0.712618	0.122985
360820807.412	100.000	-100.000	0.611330	0.079795
360821007.412	100.000	-100.000	0.642876	0.081887
360821207.412	100.000	-100.000	0.736807	0.087820
360821407.412	100.000	-100.000	0.696233	0.085330
360821607.412	100.000	-100.000	0.659540	0.091731
360824807.412	100.000	-100.000	0.758415	0.339173
360825007.412	100.000	-100.000	0.411751	0.157088
360878007.412	100.000	-100.000	0.719323	0.093889
360878207.412	100.000	-100.000	0.237506	0.167942
360878407.412	100.000	-100.000	0.550653	0.115564
360878607.412	100.000	-100.000	0.710193	0.114769
360878807.412	100.000	-100.000	0.797383	0.121026
360879007.412	100.000	-100.000	0.866888	0.151998
360882207.412	100.000	-100.000	0.876968	0.243776
360882407.412	100.000	-100.000	0.932039	0.153835
360882607.412	100.000	-100.000	1.164862	0.254905
360883807.412	100.000	-100.000	0.286528	0.205837
360884007.412	100.000	-100.000	0.921822	0.164734
360884207.412	100.000	-100.000	0.756271	0.150130
360884407.412	100.000	-100.000	1.222772	0.190386
360884607.412	100.000	-100.000	0.936940	0.166610
360884807.412	100.000	-100.000	1.025199	0.286414
360888007.412	100.000	-100.000	1.067901	0.219464
360888207.412	100.000	-100.000	0.699664	0.121144
360888407.412	100.000	-100.000	0.937356	0.140338
360888607.412	100.000	-100.000	0.875892	0.201975
360952007.412	100.000	-100.000	1.138509	0.306384
360952207.412	100.000	-100.000	1.016668	0.158570
360952407.412	100.000	-100.000	1.066151	0.161789
360952607.412	100.000	-100.000	0.805716	0.140667
360952807.412	100.000	-100.000	0.815593	0.141879
360953007.412	100.000	-100.000	0.829192	0.143422
360953207.412	100.000	-100.000	0.857001	0.145794
360953407.412	100.000	-100.000	0.712854	0.133406
360953607.412	100.000	-100.000	0.808916	0.182636
360958007.412	100.000	-100.000	0.962151	0.190577
360958207.412	100.000	-100.000	0.944323	0.156468
360958407.412	100.000	-100.000	0.896848	0.152434
360958607.412	100.000	-100.000	1.069363	0.166022
360958807.412	100.000	-100.000	0.687341	0.133070
360959007.412	100.000	-100.000	0.991026	0.160408
360959207.412	100.000	-100.000	0.966985	0.158068
360959407.412	100.000	-100.000	0.669076	0.240414
361060407.412	100.000	-100.000	1.369666	0.255660
361060607.412	100.000	-100.000	0.808534	0.187335
361060807.412	100.000	-100.000	0.849471	0.191741
361061007.412	100.000	-100.000	1.922362	0.287405
361061207.412	100.000	-100.000	0.686847	0.345037
361112007.412	100.000	-100.000	0.841376	0.347439
361112207.412	100.000	-100.000	0.891775	0.217450
361130007.412	100.000	-100.000	0.983248	0.238919
361130207.412	100.000	-100.000	0.725974	0.141041
361130407.412	100.000	-100.000	0.718144	0.140185
361130607.412	100.000	-100.000	0.778366	0.145015
361130807.412	100.000	-100.000	0.728092	0.140950
361131007.412	100.000	-100.000	0.363339	0.261063
361359407.412	100.000	-100.000	0.687365	0.173137
361359607.412	100.000	-100.000	0.578382	0.134814
361359807.412	100.000	-100.000	0.857091	0.163549
361360007.412	100.000	-100.000	0.884064	0.165879
361360207.412	100.000	-100.000	0.759692	0.153408
361360407.412	100.000	-100.000	0.449491	0.117941
361360607.412	100.000	-100.000	0.886743	0.222937
362174407.412	100.000	-100.000	0.328936	0.088879
362174607.412	100.000	-100.000	0.595537	0.085502
362174807.412	100.000	-100.000	0.701813	0.092395
362175007.412	100.000	-100.000	0.630140	0.087744
362175207.412	100.000	-100.000	0.639248	0.091663
362196607.412	100.000	-100.000	0.914233	0.141273
362196807.412	100.000	-100.000	0.690344	0.111147
362202007.412	100.000	-100.000	2.033952	0.544839
362202207.412	100.000	-100.000	0.902760	0.151265
362202407.412	100.000	-100.000	0.933525	0.166019
362207807.412	100.000	-100.000	0.225906	0.114600
362208007.412	100.000	-100.000	0.703060	0.105209
362208207.412	100.000	-100.000	0.363614	0.094367
362213607.412	100.000	-100.000	0.805247	0.133159
362213807.412	100.000	-100.000	0.579026	0.103154
362214007.412	100.000	-100.000	0.770525	0.319493
362243207.412	100.000	-100.000	0.758974	0.205472
362243407.412	100.000	-100.000	1.271448	0.186288
362243607.412	100.000	-100.000	1.076068	0.171678
362243807.412	100.000	-100.000	1.300196	0.188841
362244007.412	100.000	-100.000	0.780602	0.146461
362244207.412	100.000	-100.000	0.893611	0.156691
362244407.412	100.000	-100.000	1.106663	0.352059
362254207.412	100.000	-100.000	0.638818	0.133379
362254407.412	100.000	-100.000	0.730215	0.090785
362254607.412	100.000	-100.000	0.538852	0.078124
362254807.412	100.000	-100.000	0.579505	0.081733
362255007.412	100.000	-100.000	0.573410	0.080922
362255207.412	100.000	-100.000	0.592613	0.164748
362265207.412	100.000	-100.000	0.986442	0.376349
362265407.412	100.000	-100.000	0.708506	0.120887
362265607.412	100.000	-100.000	0.823117	0.129270
362265807.412	100.000	-100.000	0.000000	0.000000
362282407.412	100.000	-100.000	0.995563	0.153372
362282607.412	100.000	-100.000	0.746249	0.111552
362282807.412	100.000	-100.000	0.705703	0.148149
362293807.412	100.000	-100.000	0.770064	0.232183
362294007.412	100.000	-100.000	0.769304	0.103171
362294207.412	100.000	-100.000	0.722469	0.108099
362305407.412	100.000	-100.000	1.166056	0.245150
362305607.412	100.000	-100.000	1.049939	0.176376
362305807.412	100.000	-100.000	1.049135	0.265413
362346407.412	100.000	-100.000	0.537214	0.156656
362346607.412	100.000	-100.000	0.790151	0.105931
362346807.412	100.000	-100.000	0.681558	0.101288
395552607.412	100.000	-100.000	0.700890	0.117348
395552807.412	100.000	-100.000	0.721934	0.111024
395553007.412	100.000	-100.000	0.687443	0.108312
395553207.412	100.000	-100.000	0.706694	0.109902
395553407.412	100.000	-100.000	0.706920	0.109507
395553607.412	100.000	-100.000	0.559130	0.097817
395553807.412	100.000	-100.000	0.660049	0.106407
395554007.412	100.000	-100.000	0.756951	0.113583
395554207.412	100.000	-100.000	0.747984	0.130987
397951007.412	100.000	-100.000	1.112492	0.353246
397951207.412	100.000	-100.000	0.829477	0.157562
397951407.412	100.000	-100.000	0.969027	0.169844
397951607.412	100.000	-100.000	0.737429	0.148336
397951807.412	100.000	-100.000	0.976480	0.170937
397952007.412	100.000	-100.000	0.858708	0.160363
397952207.412	100.000	-100.000	0.886665	0.162994
397952407.412	100.000	-100.000	0.797469	0.154645
397952607.412	100.000	-100.000	0.563463	0.133721
400457807.412	100.000	-100.000	0.944520	0.159306
400458007.412	100.000	-100.000	0.840970	0.139286
400458207.412	100.000	-100.000	0.847789	0.139952
400458407.412	100.000	-100.000	1.014918	0.153323
400458607.412	100.000	-100.000	0.868586	0.141812
400458807.412	100.000	-100.000	0.726526	0.129916
400459007.412	100.000	-100.000	1.145458	0.162686
400459207.412	100.000	-100.000	0.867659	0.141775
400459407.412	100.000	-100.000	0.572024	0.144103
455679007.412	100.000	-100.000	0.667748	0.135057
455679207.412	100.000	-100.000	0.887632	0.126023
455679407.412	100.000	-100.000	0.942656	0.264282
455684407.412	100.000	-100.000	0.914608	0.177261
455684607.412	100.000	-100.000	1.154717	0.189367
455684807.412	100.000	-100.000	0.869797	0.163297
455685007.412	100.000	-100.000	1.059872	0.179964
455685207.412	100.000	-100.000	0.963311	0.171476
455685407.412	100.000	-100.000	0.987884	0.173799
455685607.412	100.000	-100.000	1.237705	0.194195
455685807.412	100.000	-100.000	0.780306	0.155105
455686007.412	100.000	-100.000	2.625567	0.575545
473052407.412	100.000	-100.000	0.567979	0.159933
473052607.412	100.000	-100.000	0.850395	0.132244
473052807.412	100.000	-100.000	0.524258	0.103725
473053007.412	100.000	-100.000	1.063294	0.148382
473053207.412	100.000	-100.000	0.869258	0.200798
473058007.412	100.000	-100.000	0.615429	0.146052
473058207.412	100.000	-100.000	0.586027	0.090602
473058407.412	100.000	-100.000	0.617114	0.092287
473058607.412	100.000	-100.000	0.567151	0.084818
473058807.412	100.000	-100.000	0.177348	0.181124
473081607.412	100.000	-100.000	1.098412	0.350767
473081807.412	100.000	-100.000	0.876567	0.135104
473082007.412	100.000	-100.000	0.928752	0.139457
473082207.412	100.000	-100.000	0.971553	0.142405
473082407.412	100.000	-100.000	0.840566	0.144987
473225207.412	100.000	-100.000	0.288627	0.168245
473225407.412	100.000	-100.000	0.419866	0.067059
473225607.412	100.000	-100.000	0.786769	0.091162
473225807.412	100.000	-100.000	0.614319	0.081145
473226007.412	100.000	-100.000	0.550056	0.077000
473226207.412	100.000	-100.000	0.835410	0.164199
473236807.412	100.000	-100.000	0.607545	0.133279
473237007.412	100.000	-100.000	0.736376	0.131423
473237207.412	100.000	-100.000	0.923026	0.146653
473237407.412	100.000	-100.000	0.617593	0.119961
473237607.412	100.000	-100.000	0.805261	0.137307
473237807.412	100.000	-100.000	0.924436	0.198839
474353807.412	100.000	-100.000	0.760984	0.105370
474354007.412	100.000	-100.000	0.684028	0.096522
474354207.412	100.000	-100.000	0.697952	0.097214
474354407.412	100.000	-100.000	0.575890	0.088290
474354607.412	100.000	-100.000	0.724895	0.099244
474354807.412	100.000	-100.000	0.577188	0.150005
485941807.412	100.000	-100.000	0.650978	0.170328
486839607.412	100.000	-100.000	1.179262	0.486353
486839807.412	100.000	-100.000	0.841759	0.157964
486840007.412	100.000	-100.000	0.696002	0.143157
486840207.412	100.000	-100.000	1.100443	0.184548
523761607.412	100.000	-100.000	1.083943	0.389196
523761807.412	100.000	-100.000	1.108970	0.195223
523762007.412	100.000	-100.000	0.806200	0.166049
523762207.412	100.000	-100.000	1.178689	0.200995
523762407.412	100.000	-100.000	0.944476	0.180265
523762607.412	100.000	-100.000	0.948529	0.180242
523762807.412	100.000	-100.000	1.013217	0.186512
523763007.412	100.000	-100.000	1.199673	0.209904
523813807.412	100.000	-100.000	0.000000	0.000000
523814007.412	100.000	-100.000	0.960751	0.144854
523814207.412	100.000	-100.000	0.986115	0.147531
523814407.412	100.000	-100.000	1.027085	0.172396
NO	NO	NO	NO	NO
! PC -- hardness ratio data
!Time		Err (pos)	Err(neg)	Rate		Error
207.412	100.000	-100.000	0.095201	0.050983
407.412	100.000	-100.000	0.044771	0.036955
5807.412	100.000	-100.000	0.269531	0.221768
6007.412	100.000	-100.000	0.058703	0.037650
6207.412	100.000	-100.000	0.029383	0.034192
11607.412	100.000	-100.000	0.000000	-nan
11807.412	100.000	-100.000	0.277054	0.142354
46407.412	100.000	-100.000	0.105576	0.066144
46607.412	100.000	-100.000	0.287850	0.095751
46807.412	100.000	-100.000	0.079995	0.095375
52007.412	100.000	-100.000	0.152863	0.117871
52207.412	100.000	-100.000	0.125452	0.062649
52407.412	100.000	-100.000	0.294466	0.102676
57807.412	100.000	-100.000	-0.024653	-0.018143
58007.412	100.000	-100.000	0.132192	0.059324
58207.412	100.000	-100.000	0.159537	0.065771
63607.412	100.000	-100.000	0.373829	0.255411
63807.412	100.000	-100.000	0.078570	0.042151
64007.412	100.000	-100.000	0.188724	0.073585
68807.412	100.000	-100.000	0.204811	0.095643
69007.412	100.000	-100.000	0.162141	0.066923
69207.412	100.000	-100.000	0.059304	0.038485
69407.412	100.000	-100.000	0.155669	0.065878
69607.412	100.000	-100.000	0.059997	0.036442
69807.412	100.000	-100.000	0.201324	0.099863
231207.412	100.000	-100.000	-0.005890	-0.002434
231407.412	100.000	-100.000	0.113184	0.073319
231607.412	100.000	-100.000	0.196976	0.098741
231807.412	100.000	-100.000	0.151788	0.098722
232007.412	100.000	-100.000	0.147138	0.072771
232207.412	100.000	-100.000	0.064493	0.052792
232407.412	100.000	-100.000	0.142386	0.093338
232607.412	100.000	-100.000	-0.003750	-0.004119
237007.412	100.000	-100.000	0.218277	0.109512
237207.412	100.000	-100.000	0.102631	0.049638
237407.412	100.000	-100.000	0.171539	0.059378
237607.412	100.000	-100.000	0.044609	0.037742
237807.412	100.000	-100.000	0.219035	0.078185
238007.412	100.000	-100.000	0.155477	0.061005
238207.412	100.000	-100.000	0.144392	0.059109
238407.412	100.000	-100.000	0.112566	0.070563
243407.412	100.000	-100.000	0.557680	0.314578
243607.412	100.000	-100.000	0.120609	0.053584
243807.412	100.000	-100.000	0.171880	0.071921
244007.412	100.000	-100.000	0.175364	0.061436
334407.412	100.000	-100.000	0.071032	0.080959
334607.412	100.000	-100.000	0.136613	0.056799
334807.412	100.000	-100.000	0.233920	0.080481
335007.412	100.000	-100.000	0.132147	0.064063
335207.412	100.000	-100.000	0.106439	0.052281
335407.412	100.000	-100.000	0.203240	0.076790
335607.412	100.000	-100.000	0.133921	0.064760
340207.412	100.000	-100.000	0.119432	0.130196
340407.412	100.000	-100.000	0.302463	0.134045
340607.412	100.000	-100.000	0.061815	0.050150
340807.412	100.000	-100.000	0.071884	0.059505
341007.412	100.000	-100.000	0.033118	0.038145
341207.412	100.000	-100.000	0.172041	0.078591
341407.412	100.000	-100.000	0.118819	0.066119
341607.412	100.000	-100.000	0.000000	-nan
346007.412	100.000	-100.000	0.197973	0.109970
346207.412	100.000	-100.000	0.205490	0.082756
346407.412	100.000	-100.000	0.016597	0.020597
346607.412	100.000	-100.000	0.160691	0.062370
346807.412	100.000	-100.000	0.149514	0.068876
347007.412	100.000	-100.000	0.234341	0.083609
347207.412	100.000	-100.000	0.098292	0.106235
555007.412	100.000	-100.000	0.198781	0.085208
555207.412	100.000	-100.000	0.161885	0.127244
560007.412	100.000	-100.000	0.990252	0.812585
560207.412	100.000	-100.000	0.128640	0.057635
560407.412	100.000	-100.000	0.227658	0.085139
560607.412	100.000	-100.000	0.141586	0.063871
560807.412	100.000	-100.000	0.118683	0.051983
561007.412	100.000	-100.000	0.228795	0.077386
561207.412	100.000	-100.000	0.166780	0.065070
566607.412	100.000	-100.000	0.213820	0.139750
566807.412	100.000	-100.000	0.093454	0.045959
567007.412	100.000	-100.000	0.104976	0.055625
567207.412	100.000	-100.000	0.071890	0.038408
567407.412	100.000	-100.000	0.147358	0.061780
567607.412	100.000	-100.000	0.129690	0.053980
688607.412	100.000	-100.000	0.372778	0.254660
688807.412	100.000	-100.000	0.373936	0.119198
689007.412	100.000	-100.000	0.080308	0.053204
689207.412	100.000	-100.000	0.302132	0.112394
689407.412	100.000	-100.000	0.172877	0.086926
694407.412	100.000	-100.000	0.105002	0.083192
694607.412	100.000	-100.000	0.121382	0.054165
694807.412	100.000	-100.000	0.237119	0.088480
695007.412	100.000	-100.000	0.092081	0.043876
695207.412	100.000	-100.000	0.176741	0.087868
700207.412	100.000	-100.000	0.105943	0.067785
700407.412	100.000	-100.000	0.073862	0.046105
700607.412	100.000	-100.000	0.365917	0.137374
700807.412	100.000	-100.000	0.278364	0.096473
701007.412	100.000	-100.000	0.296099	0.141753
706007.412	100.000	-100.000	0.666667	0.608581
706207.412	100.000	-100.000	0.127311	0.048548
706407.412	100.000	-100.000	0.118939	0.053913
706607.412	100.000	-100.000	0.141525	0.054502
706807.412	100.000	-100.000	0.104730	0.046913
707007.412	100.000	-100.000	0.000000	-nan
127020407.412	100.000	-100.000	0.072559	0.045683
127020607.412	100.000	-100.000	0.166928	0.061489
127020807.412	100.000	-100.000	0.065844	0.036170
127021007.412	100.000	-100.000	0.211695	0.065454
127021207.412	100.000	-100.000	0.129398	0.080201
127054607.412	100.000	-100.000	0.111393	0.074383
127054807.412	100.000	-100.000	0.175402	0.063995
127055007.412	100.000	-100.000	0.169435	0.064984
127055207.412	100.000	-100.000	0.094238	0.051181
127055407.412	100.000	-100.000	0.203603	0.092973
127078607.412	100.000	-100.000	0.119533	0.090920
127078807.412	100.000	-100.000	0.218115	0.100314
127079007.412	100.000	-100.000	-0.008521	-0.004608
128401407.412	100.000	-100.000	0.169306	0.131533
128535007.412	100.000	-100.000	0.083169	0.045625
128535207.412	100.000	-100.000	0.132143	0.055213
128535407.412	100.000	-100.000	0.241580	0.082449
128535607.412	100.000	-100.000	-0.073499	-0.197527
128638807.412	100.000	-100.000	0.110251	0.116299
128639007.412	100.000	-100.000	0.173435	0.080856
128639207.412	100.000	-100.000	0.045440	0.034506
128639407.412	100.000	-100.000	0.165006	0.184184
128679407.412	100.000	-100.000	0.191014	0.086441
128679607.412	100.000	-100.000	0.107799	0.060464
128679807.412	100.000	-100.000	0.134590	0.083659
128690807.412	100.000	-100.000	0.156997	0.179307
128691007.412	100.000	-100.000	0.190737	0.087500
128691207.412	100.000	-100.000	0.159396	0.066585
128691407.412	100.000	-100.000	0.331204	0.222741
128713607.412	100.000	-100.000	0.000000	-nan
128713807.412	100.000	-100.000	0.091272	0.055803
128714007.412	100.000	-100.000	0.099954	0.053929
128714207.412	100.000	-100.000	0.227989	0.090324
128714407.412	100.000	-100.000	0.232186	0.092602
128714607.412	100.000	-100.000	0.097527	0.052575
128714807.412	100.000	-100.000	0.131836	0.073215
128725807.412	100.000	-100.000	-0.014385	-0.017618
128726007.412	100.000	-100.000	0.084680	0.052870
128726207.412	100.000	-100.000	0.304193	0.132474
128743007.412	100.000	-100.000	0.193505	0.080931
128743207.412	100.000	-100.000	0.266139	0.091536
128743407.412	100.000	-100.000	0.232711	0.130232
128753607.412	100.000	-100.000	0.195127	0.157594
128753807.412	100.000	-100.000	0.031854	0.034454
128754007.412	100.000	-100.000	0.156868	0.071329
128754207.412	100.000	-100.000	0.154310	0.083530
128754407.412	100.000	-100.000	0.253887	0.096616
128754607.412	100.000	-100.000	0.161881	0.080863
128754807.412	100.000	-100.000	0.066351	0.052403
128755007.412	100.000	-100.000	-0.010166	-0.006789
128766207.412	100.000	-100.000	0.038615	0.031614
128766407.412	100.000	-100.000	0.169019	0.070735
128771607.412	100.000	-100.000	0.251124	0.100308
128771807.412	100.000	-100.000	0.174088	0.068188
128772007.412	100.000	-100.000	0.283335	0.110785
128772207.412	100.000	-100.000	0.149101	0.057526
128777607.412	100.000	-100.000	0.000000	-nan
128777807.412	100.000	-100.000	0.064844	0.041647
128778007.412	100.000	-100.000	0.115451	0.073404
173650007.412	100.000	-100.000	0.397497	0.236669
173650207.412	100.000	-100.000	0.177723	0.062768
173650407.412	100.000	-100.000	0.215260	0.069845
173650607.412	100.000	-100.000	0.197215	0.069653
173650807.412	100.000	-100.000	0.173673	0.072285
173651007.412	100.000	-100.000	0.155036	0.059761
173651207.412	100.000	-100.000	0.154072	0.063368
173651407.412	100.000	-100.000	0.155116	0.064865
173651607.412	100.000	-100.000	0.154123	0.063117
173655607.412	100.000	-100.000	0.331497	0.382780
173655807.412	100.000	-100.000	0.092452	0.049498
173656007.412	100.000	-100.000	0.230801	0.117815
226133407.412	100.000	-100.000	-nan	-nan
226133607.412	100.000	-100.000	0.124009	0.080299
226133807.412	100.000	-100.000	0.180306	0.099967
226134007.412	100.000	-100.000	0.299787	0.132722
226134207.412	100.000	-100.000	0.054612	0.046798
226134407.412	100.000	-100.000	0.291401	0.126570
226134607.412	100.000	-100.000	0.163837	0.128565
226139207.412	100.000	-100.000	0.297177	0.120591
226139407.412	100.000	-100.000	0.066640	0.040160
226139607.412	100.000	-100.000	0.153423	0.069795
226139807.412	100.000	-100.000	0.261297	0.085183
226140007.412	100.000	-100.000	0.160093	0.125889
240860407.412	100.000	-100.000	-0.009903	-0.006719
240860607.412	100.000	-100.000	0.112521	0.054421
240860807.412	100.000	-100.000	0.360020	0.141991
240861007.412	100.000	-100.000	0.241981	0.086582
240861207.412	100.000	-100.000	0.060495	0.037550
240861407.412	100.000	-100.000	0.226086	0.076996
240861607.412	100.000	-100.000	0.191287	0.222593
240865007.412	100.000	-100.000	0.209903	0.107226
240865207.412	100.000	-100.000	0.074670	0.046162
240865407.412	100.000	-100.000	0.222670	0.095926
240865607.412	100.000	-100.000	0.107497	0.053261
240865807.412	100.000	-100.000	-0.004012	-0.004256
240876607.412	100.000	-100.000	0.140072	0.063045
240876807.412	100.000	-100.000	0.297783	0.099777
240877007.412	100.000	-100.000	0.125043	0.055601
240877207.412	100.000	-100.000	0.043664	0.033165
240877407.412	100.000	-100.000	0.091730	0.049927
240877607.412	100.000	-100.000	0.184991	0.068292
240877807.412	100.000	-100.000	0.235684	0.084143
240878007.412	100.000	-100.000	0.157405	0.065161
240882207.412	100.000	-100.000	0.161334	0.179588
240882407.412	100.000	-100.000	0.204007	0.071486
240882607.412	100.000	-100.000	0.182913	0.092313
319301007.412	100.000	-100.000	0.115486	0.056759
319301207.412	100.000	-100.000	0.140222	0.062582
319301407.412	100.000	-100.000	0.133545	0.055457
319301607.412	100.000	-100.000	0.146374	0.060869
319301807.412	100.000	-100.000	0.148680	0.072877
319302007.412	100.000	-100.000	0.119489	0.052595
319302207.412	100.000	-100.000	0.194883	0.076366
319302407.412	100.000	-100.000	0.205481	0.076163
319302607.412	100.000	-100.000	-0.002867	-0.003007
319306607.412	100.000	-100.000	0.230423	0.147720
319306807.412	100.000	-100.000	0.074044	0.035358
319307007.412	100.000	-100.000	-0.007769	-0.008699
319319807.412	100.000	-100.000	0.000000	-nan
319320007.412	100.000	-100.000	0.139085	0.061459
319320207.412	100.000	-100.000	0.131258	0.050651
319320407.412	100.000	-100.000	0.143351	0.069803
319324207.412	100.000	-100.000	0.157471	0.070865
319324407.412	100.000	-100.000	0.186893	0.078846
319324607.412	100.000	-100.000	0.070272	0.044533
319324807.412	100.000	-100.000	0.196574	0.077388
319325007.412	100.000	-100.000	0.149344	0.074953
319325207.412	100.000	-100.000	0.246605	0.197576
327233007.412	100.000	-100.000	0.059750	0.036222
327233207.412	100.000	-100.000	0.158784	0.061516
327233407.412	100.000	-100.000	0.488562	0.302636
327250007.412	100.000	-100.000	0.178377	0.080598
327250207.412	100.000	-100.000	0.036450	0.029653
327250407.412	100.000	-100.000	0.168468	0.071051
327250607.412	100.000	-100.000	0.176619	0.080442
327250807.412	100.000	-100.000	0.222549	0.104694
327251007.412	100.000	-100.000	0.248878	0.098739
327251207.412	100.000	-100.000	0.160027	0.072063
327251407.412	100.000	-100.000	0.269051	0.115520
327251607.412	100.000	-100.000	0.327078	0.274428
327255607.412	100.000	-100.000	0.000000	-nan
327255807.412	100.000	-100.000	0.177112	0.069811
327256007.412	100.000	-100.000	0.163436	0.128624
327732007.412	100.000	-100.000	0.114465	0.073121
327732207.412	100.000	-100.000	0.112117	0.062966
327732407.412	100.000	-100.000	0.123224	0.055566
327732607.412	100.000	-100.000	0.177224	0.068698
327732807.412	100.000	-100.000	0.180725	0.081614
327733007.412	100.000	-100.000	0.191488	0.075696
327733207.412	100.000	-100.000	0.107204	0.088186
327737807.412	100.000	-100.000	0.171542	0.086296
327738007.412	100.000	-100.000	0.122338	0.069107
327738207.412	100.000	-100.000	0.126343	0.061492
327738407.412	100.000	-100.000	0.126232	0.070845
327738607.412	100.000	-100.000	-0.005402	-0.005839
335582807.412	100.000	-100.000	0.181575	0.081404
335583007.412	100.000	-100.000	0.170666	0.078125
335583207.412	100.000	-100.000	0.252847	0.094420
335583407.412	100.000	-100.000	0.459154	0.162494
335583607.412	100.000	-100.000	0.287366	0.110171
335583807.412	100.000	-100.000	3.169583	3.861223
335588407.412	100.000	-100.000	0.039297	0.040082
335588607.412	100.000	-100.000	0.276364	0.081479
335588807.412	100.000	-100.000	0.155572	0.060064
335589007.412	100.000	-100.000	0.223437	0.078692
335589207.412	100.000	-100.000	0.291086	0.093715
335589407.412	100.000	-100.000	0.254714	0.097349
346853407.412	100.000	-100.000	0.000000	-nan
346853607.412	100.000	-100.000	0.144043	0.060128
346853807.412	100.000	-100.000	0.085242	0.046215
346854007.412	100.000	-100.000	0.117759	0.056402
346854207.412	100.000	-100.000	0.344226	0.143255
346859607.412	100.000	-100.000	0.058772	0.045934
346859807.412	100.000	-100.000	0.235539	0.083789
346860007.412	100.000	-100.000	0.203502	0.071203
346860207.412	100.000	-100.000	0.104573	0.050263
346860407.412	100.000	-100.000	0.157103	0.087385
360819007.412	100.000	-100.000	0.000000	-nan
360819207.412	100.000	-100.000	0.105675	0.056833
360819407.412	100.000	-100.000	0.105665	0.051175
360819607.412	100.000	-100.000	0.139290	0.061588
360819807.412	100.000	-100.000	0.418667	0.139074
360820607.412	100.000	-100.000	0.150095	0.071950
360820807.412	100.000	-100.000	0.133666	0.051237
360821007.412	100.000	-100.000	0.045732	0.028713
360821207.412	100.000	-100.000	0.139705	0.047466
360821407.412	100.000	-100.000	0.210120	0.062003
360821607.412	100.000	-100.000	0.153052	0.058731
360824807.412	100.000	-100.000	0.198948	0.217937
360825007.412	100.000	-100.000	0.422543	0.296934
360878007.412	100.000	-100.000	0.181409	0.060736
360878207.412	100.000	-100.000	0.506181	0.619943
360878407.412	100.000	-100.000	0.303848	0.132219
360878607.412	100.000	-100.000	0.099862	0.054305
360878807.412	100.000	-100.000	0.111485	0.053799
360879007.412	100.000	-100.000	0.180785	0.081346
360882207.412	100.000	-100.000	-0.003705	-0.002815
360882407.412	100.000	-100.000	0.077596	0.048808
360882607.412	100.000	-100.000	0.140842	0.088475
360883807.412	100.000	-100.000	1.024554	1.032755
360884007.412	100.000	-100.000	0.184730	0.084184
360884207.412	100.000	-100.000	0.387338	0.144948
360884407.412	100.000	-100.000	0.113542	0.056646
360884607.412	100.000	-100.000	0.214861	0.091438
360884807.412	100.000	-100.000	0.147047	0.116591
360888007.412	100.000	-100.000	0.122416	0.076490
360888207.412	100.000	-100.000	0.178870	0.080053
360888407.412	100.000	-100.000	0.152539	0.063023
360888607.412	100.000	-100.000	0.101158	0.078711
360952007.412	100.000	-100.000	0.145759	0.110279
360952207.412	100.000	-100.000	0.093199	0.050289
360952407.412	100.000	-100.000	0.154966	0.064920
360952607.412	100.000	-100.000	0.176553	0.080591
360952807.412	100.000	-100.000	0.202234	0.087139
360953007.412	100.000	-100.000	0.236440	0.093669
360953207.412	100.000	-100.000	0.196627	0.083418
360953407.412	100.000	-100.000	0.171604	0.085059
360953607.412	100.000	-100.000	0.150104	0.093926
360958007.412	100.000	-100.000	0.185635	0.093321
360958207.412	100.000	-100.000	0.076137	0.048637
360958407.412	100.000	-100.000	0.228806	0.090348
360958607.412	100.000	-100.000	0.207511	0.078391
360958807.412	100.000	-100.000	0.179126	0.090246
360959007.412	100.000	-100.000	0.125937	0.060938
360959207.412	100.000	-100.000	0.150463	0.069062
360959407.412	100.000	-100.000	0.121863	0.133303
361060407.412	100.000	-100.000	0.138469	0.074207
361060607.412	100.000	-100.000	0.205133	0.116201
361060807.412	100.000	-100.000	0.447056	0.182328
361061007.412	100.000	-100.000	0.064007	0.039807
361061207.412	100.000	-100.000	0.499810	0.436251
361112007.412	100.000	-100.000	0.163176	0.180054
361112207.412	100.000	-100.000	0.235258	0.131476
361130007.412	100.000	-100.000	0.053278	0.060285
361130207.412	100.000	-100.000	0.140789	0.079985
361130407.412	100.000	-100.000	0.183547	0.091528
361130607.412	100.000	-100.000	0.170689	0.083144
361130807.412	100.000	-100.000	0.256631	0.110173
361131007.412	100.000	-100.000	0.492053	0.619066
361359407.412	100.000	-100.000	0.688480	0.272248
361359607.412	100.000	-100.000	0.100800	0.079371
361359807.412	100.000	-100.000	0.212299	0.096866
361360007.412	100.000	-100.000	0.102723	0.062929
361360207.412	100.000	-100.000	0.234190	0.109776
361360407.412	100.000	-100.000	0.401477	0.196936
361360607.412	100.000	-100.000	0.053150	0.063898
362174407.412	100.000	-100.000	0.566665	0.255891
362174607.412	100.000	-100.000	0.243189	0.079051
362174807.412	100.000	-100.000	0.151608	0.055477
362175007.412	100.000	-100.000	0.225547	0.073662
362175207.412	100.000	-100.000	0.141203	0.057742
362196607.412	100.000	-100.000	0.119323	0.056766
362196807.412	100.000	-100.000	0.203747	0.079402
362202007.412	100.000	-100.000	0.139844	0.108796
362202207.412	100.000	-100.000	0.135420	0.066546
362202407.412	100.000	-100.000	0.026237	0.031552
362207807.412	100.000	-100.000	0.763403	0.588847
362208007.412	100.000	-100.000	0.110737	0.053140
362208207.412	100.000	-100.000	0.786873	0.306813
362213607.412	100.000	-100.000	0.185733	0.078076
362213807.412	100.000	-100.000	0.181220	0.083258
362214007.412	100.000	-100.000	0.504649	0.358714
362243207.412	100.000	-100.000	0.062471	0.075323
362243407.412	100.000	-100.000	0.083104	0.044213
362243607.412	100.000	-100.000	0.146242	0.066109
362243807.412	100.000	-100.000	0.143280	0.059344
362244007.412	100.000	-100.000	0.103383	0.063332
362244207.412	100.000	-100.000	0.208233	0.088319
362244407.412	100.000	-100.000	0.097556	0.105236
362254207.412	100.000	-100.000	0.217337	0.108355
362254407.412	100.000	-100.000	0.228615	0.066283
362254607.412	100.000	-100.000	0.120601	0.053960
362254807.412	100.000	-100.000	0.207069	0.070375
362255007.412	100.000	-100.000	0.154371	0.060361
362255207.412	100.000	-100.000	0.224514	0.145067
362265207.412	100.000	-100.000	0.283478	0.230697
362265407.412	100.000	-100.000	0.135905	0.068606
362265607.412	100.000	-100.000	0.116934	0.057792
362265807.412	100.000	-100.000	-inf	-nan
362282407.412	100.000	-100.000	0.116640	0.056108
362282607.412	100.000	-100.000	0.084511	0.046432
362282807.412	100.000	-100.000	0.258858	0.120315
362293807.412	100.000	-100.000	0.000000	-nan
362294007.412	100.000	-100.000	0.213725	0.068343
362294207.412	100.000	-100.000	0.086713	0.047063
362305407.412	100.000	-100.000	0.172722	0.094958
362305607.412	100.000	-100.000	0.162590	0.073431
362305807.412	100.000	-100.000	0.310807	0.162027
362346407.412	100.000	-100.000	0.165984	0.128621
362346607.412	100.000	-100.000	0.232502	0.071894
362346807.412	100.000	-100.000	0.104330	0.051123
395552607.412	100.000	-100.000	0.219697	0.086817
395552807.412	100.000	-100.000	0.089884	0.048854
395553007.412	100.000	-100.000	0.119675	0.058455
395553207.412	100.000	-100.000	0.139098	0.062566
395553407.412	100.000	-100.000	0.304778	0.097955
395553607.412	100.000	-100.000	0.293813	0.108943
395553807.412	100.000	-100.000	0.226932	0.085548
395554007.412	100.000	-100.000	0.174111	0.068300
395554207.412	100.000	-100.000	0.177524	0.081119
397951007.412	100.000	-100.000	0.100454	0.105396
397951207.412	100.000	-100.000	0.280433	0.114614
397951407.412	100.000	-100.000	0.084966	0.054709
397951607.412	100.000	-100.000	0.197899	0.098388
397951807.412	100.000	-100.000	0.148415	0.072835
397952007.412	100.000	-100.000	0.134131	0.073583
397952207.412	100.000	-100.000	0.197266	0.089597
397952407.412	100.000	-100.000	0.070881	0.054580
397952607.412	100.000	-100.000	0.273301	0.140627
400457807.412	100.000	-100.000	0.161550	0.073610
400458007.412	100.000	-100.000	0.185272	0.078177
400458207.412	100.000	-100.000	0.243192	0.091458
400458407.412	100.000	-100.000	0.202956	0.075122
400458607.412	100.000	-100.000	0.237953	0.089052
400458807.412	100.000	-100.000	0.155092	0.075898
400459007.412	100.000	-100.000	0.157410	0.061184
400459207.412	100.000	-100.000	0.076060	0.047900
400459407.412	100.000	-100.000	0.429890	0.198282
455679007.412	100.000	-100.000	0.070555	0.058800
455679207.412	100.000	-100.000	0.157195	0.060621
455679407.412	100.000	-100.000	0.383990	0.203497
455684407.412	100.000	-100.000	0.213650	0.100489
455684607.412	100.000	-100.000	0.151166	0.069364
455684807.412	100.000	-100.000	0.242101	0.103299
455685007.412	100.000	-100.000	0.082165	0.051452
455685207.412	100.000	-100.000	0.088203	0.056579
455685407.412	100.000	-100.000	0.145517	0.073166
455685607.412	100.000	-100.000	0.168214	0.070477
455685807.412	100.000	-100.000	0.380912	0.144251
455686007.412	100.000	-100.000	0.093669	0.070360
473052407.412	100.000	-100.000	-0.015641	-0.008266
473052607.412	100.000	-100.000	0.163756	0.068293
473052807.412	100.000	-100.000	0.265427	0.115358
473053007.412	100.000	-100.000	0.095145	0.045384
473053207.412	100.000	-100.000	0.052512	0.055618
473058007.412	100.000	-100.000	0.111754	0.084916
473058207.412	100.000	-100.000	0.160628	0.066766
473058407.412	100.000	-100.000	0.109301	0.052508
473058607.412	100.000	-100.000	0.119778	0.052721
473058807.412	100.000	-100.000	0.000000	-nan
473081607.412	100.000	-100.000	0.000000	-nan
473081807.412	100.000	-100.000	0.163066	0.067096
473082007.412	100.000	-100.000	0.085835	0.046553
473082207.412	100.000	-100.000	0.164631	0.065053
473082407.412	100.000	-100.000	0.143966	0.070611
473225207.412	100.000	-100.000	0.664409	0.614143
473225407.412	100.000	-100.000	0.221918	0.083105
473225607.412	100.000	-100.000	0.130357	0.044811
473225807.412	100.000	-100.000	0.172223	0.059457
473226007.412	100.000	-100.000	0.132389	0.054745
473226207.412	100.000	-100.000	0.233252	0.105686
473236807.412	100.000	-100.000	0.275948	0.130718
473237007.412	100.000	-100.000	0.154010	0.075237
473237207.412	100.000	-100.000	0.019205	0.024824
473237407.412	100.000	-100.000	0.145946	0.080725
473237607.412	100.000	-100.000	0.255878	0.096511
473237807.412	100.000	-100.000	0.222394	0.112394
474353807.412	100.000	-100.000	0.203755	0.068785
474354007.412	100.000	-100.000	0.193449	0.068292
474354207.412	100.000	-100.000	0.074483	0.039253
474354407.412	100.000	-100.000	0.205911	0.077409
474354607.412	100.000	-100.000	0.183339	0.063879
474354807.412	100.000	-100.000	0.067670	0.069918
485941807.412	100.000	-100.000	0.400206	0.195591
486839607.412	100.000	-100.000	0.000000	-nan
486839807.412	100.000	-100.000	0.278262	0.112494
486840007.412	100.000	-100.000	0.162592	0.089860
486840207.412	100.000	-100.000	0.165601	0.073944
523761607.412	100.000	-100.000	-0.003435	-0.003650
523761807.412	100.000	-100.000	0.118887	0.064796
523762007.412	100.000	-100.000	0.237654	0.114358
523762207.412	100.000	-100.000	0.055382	0.042119
523762407.412	100.000	-100.000	0.207241	0.096671
523762607.412	100.000	-100.000	0.207427	0.095839
523762807.412	100.000	-100.000	0.028585	0.034153
523763007.412	100.000	-100.000	0.114349	0.063640
523813807.412	100.000	-100.000	-nan	-nan
523814007.412	100.000	-100.000	0.063926	0.040140
523814207.412	100.000	-100.000	0.085560	0.045998
523814407.412	100.000	-100.000	0.164166	0.073464